3.700000E-02
3.700000E-02
3.700000E-02
3.700000E-02
3.700000E-02
3.700000E-02
3.700000E-02
3.700000E-02
3.700000E-02
3.700000E-02
3.700000E-02
3.700000E-02
3.700000E-02
3.700000E-02
3.700000E-02
3.700000E-02
3.700000E-02
3.700000E-02
3.700000E-02
3.700000E-02
3.700000E-02
3.700000E-02
3.700000E-02
3.700000E-02
3.700000E-02
3.700000E-02
3.700000E-02
3.700000E-02
3.700000E-02
3.700000E-02
3.700000E-02
3.700000E-02
3.700000E-02
3.700000E-02
3.700000E-02
3.700000E-02
3.700000E-02
3.700000E-02
3.700000E-02
3.700000E-02
3.700000E-02
3.700000E-02
3.700000E-02
3.700000E-02
3.700000E-02
3.700000E-02
3.700000E-02
3.700000E-02
3.700000E-02
3.700000E-02
3.700000E-02
3.700000E-02
3.700000E-02
3.700000E-02
3.700000E-02
3.700000E-02
3.700000E-02
3.700000E-02
3.700000E-02
3.700000E-02
3.700000E-02
3.700000E-02
3.700000E-02
3.700000E-02
3.700000E-02
3.700000E-02
3.700000E-02
3.700000E-02
3.700000E-02
3.700000E-02
3.700000E-02
3.700000E-02
3.700000E-02
3.700000E-02
3.700000E-02
3.700000E-02
3.700000E-02
3.700000E-02
3.700000E-02
3.700000E-02
3.700000E-02
3.700000E-02
3.700000E-02
3.700000E-02
3.700000E-02
3.700000E-02
3.700000E-02
3.700000E-02
3.700000E-02
3.700000E-02
3.700000E-02
3.700000E-02
3.700000E-02
3.700000E-02
3.700000E-02
3.700000E-02
3.700000E-02
3.700000E-02
3.700000E-02
3.700000E-02
3.700000E-02
3.700000E-02
3.700000E-02
3.700000E-02
3.700000E-02
3.700000E-02
3.700000E-02
3.700000E-02
3.700000E-02
3.700000E-02
3.700000E-02
3.700000E-02
3.700000E-02
3.700000E-02
3.700000E-02
3.700000E-02
3.700000E-02
3.700000E-02
3.700000E-02
3.700000E-02
3.700000E-02
3.700000E-02
3.700000E-02
3.700000E-02
3.700000E-02
3.700000E-02
3.700000E-02
3.700000E-02
3.700000E-02
3.700000E-02
3.700000E-02
3.700000E-02
3.700000E-02
3.700000E-02
3.700000E-02
3.700000E-02
3.700000E-02
3.700000E-02
3.700000E-02
3.700000E-02
3.700000E-02
3.700000E-02
3.700000E-02
3.700000E-02
3.700000E-02
3.700000E-02
3.700000E-02
3.700000E-02
3.700000E-02
3.700000E-02
3.700000E-02
3.700000E-02
3.700000E-02
3.700000E-02
3.700000E-02
3.700000E-02
3.700000E-02
3.700000E-02
3.700000E-02
3.700000E-02
3.700000E-02
3.700000E-02
3.700000E-02
3.700000E-02
3.700000E-02
3.700000E-02
3.700000E-02
3.700000E-02
3.700000E-02
3.700000E-02
3.700000E-02
3.700000E-02
3.700000E-02
3.700000E-02
3.700000E-02
3.700000E-02
3.700000E-02
3.700000E-02
3.700000E-02
3.700000E-02
3.700000E-02
3.700000E-02
3.700000E-02
3.700000E-02
3.700000E-02
3.700000E-02
3.700000E-02
3.700000E-02
3.700000E-02
3.700000E-02
3.700000E-02
3.700000E-02
3.700000E-02
3.700000E-02
3.700000E-02
3.700000E-02
3.700000E-02
3.700000E-02
3.700000E-02
3.700000E-02
3.700000E-02
3.700000E-02
3.700000E-02
3.700000E-02
3.700000E-02
3.700000E-02
3.700000E-02
3.700000E-02
3.700000E-02
3.700000E-02
3.700000E-02
3.700000E-02
3.700000E-02
3.700000E-02
3.700000E-02
3.700000E-02
3.700000E-02
3.700000E-02
3.700000E-02
3.700000E-02
3.700000E-02
3.700000E-02
3.700000E-02
3.700000E-02
3.700000E-02
3.700000E-02
3.700000E-02
3.700000E-02
3.700000E-02
3.700000E-02
3.700000E-02
3.700000E-02
3.700000E-02
3.700000E-02
3.700000E-02
3.700000E-02
3.700000E-02
3.700000E-02
3.700000E-02
3.700000E-02
3.700000E-02
3.700000E-02
3.700000E-02
3.700000E-02
3.700000E-02
3.700000E-02
3.700000E-02
3.700000E-02
3.700000E-02
3.700000E-02
3.700000E-02
3.700000E-02
3.700000E-02
3.700000E-02
3.700000E-02
3.700000E-02
3.700000E-02
3.700000E-02
3.700000E-02
3.700000E-02
3.700000E-02
3.700000E-02
3.700000E-02
3.700000E-02
3.700000E-02
3.700000E-02
3.700000E-02
3.700000E-02
3.700000E-02
3.700000E-02
3.700000E-02
3.700000E-02
3.700000E-02
3.700000E-02
3.700000E-02
3.700000E-02
3.700000E-02
3.700000E-02
3.700000E-02
3.700000E-02
3.702620E-02
3.706318E-02
3.710019E-02
3.713725E-02
3.717435E-02
3.721150E-02
3.724868E-02
3.728591E-02
3.732318E-02
3.736049E-02
3.739785E-02
3.743525E-02
3.747269E-02
3.751017E-02
3.754769E-02
3.758526E-02
3.762287E-02
3.766053E-02
3.769822E-02
3.773596E-02
3.777375E-02
3.781157E-02
3.784944E-02
3.788736E-02
3.792531E-02
3.796331E-02
3.800136E-02
3.803945E-02
3.807758E-02
3.811575E-02
3.815397E-02
3.819224E-02
3.823055E-02
3.826890E-02
3.830730E-02
3.834574E-02
3.838422E-02
3.842275E-02
3.846133E-02
3.849995E-02
3.853862E-02
3.857733E-02
3.861608E-02
3.865488E-02
3.869373E-02
3.873262E-02
3.877156E-02
3.881054E-02
3.884957E-02
3.888864E-02
3.892776E-02
3.896692E-02
3.900613E-02
3.904539E-02
3.908470E-02
3.912405E-02
3.916344E-02
3.920289E-02
3.924237E-02
3.928191E-02
3.932149E-02
3.936112E-02
3.940080E-02
3.944052E-02
3.948029E-02
3.952011E-02
3.955998E-02
3.959989E-02
3.963985E-02
3.967986E-02
3.971992E-02
3.976002E-02
3.980017E-02
3.984037E-02
3.988062E-02
3.992092E-02
3.996126E-02
4.000166E-02
4.004210E-02
4.008259E-02
4.012313E-02
4.016372E-02
4.020435E-02
4.024504E-02
4.028578E-02
4.032656E-02
4.036740E-02
4.040828E-02
4.044922E-02
4.049020E-02
4.053123E-02
4.057232E-02
4.061345E-02
4.065463E-02
4.069587E-02
4.073715E-02
4.077849E-02
4.081987E-02
4.086131E-02
4.090280E-02
4.094434E-02
4.098593E-02
4.102757E-02
4.106926E-02
4.111101E-02
4.115280E-02
4.119465E-02
4.123655E-02
4.127850E-02
4.132050E-02
4.136256E-02
4.140467E-02
4.144683E-02
4.148904E-02
4.153131E-02
4.157363E-02
4.161600E-02
4.165842E-02
4.170090E-02
4.174343E-02
4.178602E-02
4.182866E-02
4.187135E-02
4.191410E-02
4.195690E-02
4.199975E-02
4.204266E-02
4.208562E-02
4.212864E-02
4.217171E-02
4.221484E-02
4.225802E-02
4.230126E-02
4.234455E-02
4.238790E-02
4.243130E-02
4.247476E-02
4.251828E-02
4.256185E-02
4.260547E-02
4.264916E-02
4.269290E-02
4.273669E-02
4.278054E-02
4.282445E-02
4.286842E-02
4.291244E-02
4.295652E-02
4.300066E-02
4.304486E-02
4.308911E-02
4.313342E-02
4.317779E-02
4.322221E-02
4.326670E-02
4.331124E-02
4.335585E-02
4.340051E-02
4.344523E-02
4.349001E-02
4.353484E-02
4.357974E-02
4.362470E-02
4.366971E-02
4.371479E-02
4.375993E-02
4.380512E-02
4.385038E-02
4.389570E-02
4.394108E-02
4.398652E-02
4.403202E-02
4.407758E-02
4.412320E-02
4.416888E-02
4.421463E-02
4.426044E-02
4.430631E-02
4.435224E-02
4.439823E-02
4.444429E-02
4.449041E-02
4.453659E-02
4.458284E-02
4.462915E-02
4.467552E-02
4.472196E-02
4.476846E-02
4.481502E-02
4.486165E-02
4.490834E-02
4.495510E-02
4.500192E-02
4.504881E-02
4.509576E-02
4.514278E-02
4.518986E-02
4.523701E-02
4.528422E-02
4.533150E-02
4.537885E-02
4.542626E-02
4.547374E-02
4.552129E-02
4.556890E-02
4.561659E-02
4.566433E-02
4.571215E-02
4.576004E-02
4.580799E-02
4.585601E-02
4.590410E-02
4.595226E-02
4.600049E-02
4.604878E-02
4.609715E-02
4.614558E-02
4.619409E-02
4.624267E-02
4.629131E-02
4.634003E-02
4.638882E-02
4.643767E-02
4.648660E-02
4.653560E-02
4.658468E-02
4.663382E-02
4.668304E-02
4.673233E-02
4.678169E-02
4.683112E-02
4.688063E-02
4.693021E-02
4.697987E-02
4.702960E-02
4.707940E-02
4.712927E-02
4.717923E-02
4.722925E-02
4.727935E-02
4.732953E-02
4.737978E-02
4.743011E-02
4.748051E-02
4.753099E-02
4.758155E-02
4.763218E-02
4.768289E-02
4.773368E-02
4.778455E-02
4.783549E-02
4.788651E-02
4.793761E-02
4.798879E-02
4.804005E-02
4.809138E-02
4.814280E-02
4.819430E-02
4.824587E-02
4.829753E-02
4.834927E-02
4.840109E-02
4.845299E-02
4.850497E-02
4.855703E-02
4.860918E-02
4.866141E-02
4.871372E-02
4.876611E-02
4.881859E-02
4.887115E-02
4.892379E-02
4.897652E-02
4.902934E-02
4.908224E-02
4.913522E-02
4.918829E-02
4.924144E-02
4.929469E-02
4.934801E-02
4.940143E-02
4.945493E-02
4.950852E-02
4.956220E-02
4.961596E-02
4.966982E-02
4.972376E-02
4.977779E-02
4.983192E-02
4.988613E-02
4.994043E-02
4.999482E-02
5.004931E-02
5.010388E-02
5.015855E-02
5.021331E-02
5.026816E-02
5.032311E-02
5.037814E-02
5.043327E-02
5.048850E-02
5.054382E-02
5.059923E-02
5.065474E-02
5.071035E-02
5.076605E-02
5.082184E-02
5.087774E-02
5.093373E-02
5.098981E-02
5.104600E-02
5.110228E-02
5.115867E-02
5.121515E-02
5.127173E-02
5.132841E-02
5.138519E-02
5.144208E-02
5.149906E-02
5.155615E-02
5.161333E-02
5.167062E-02
5.172802E-02
5.178551E-02
5.184311E-02
5.190082E-02
5.195863E-02
5.201654E-02
5.207456E-02
5.213269E-02
5.219092E-02
5.224926E-02
5.230771E-02
5.236627E-02
5.242493E-02
5.248371E-02
5.254259E-02
5.260159E-02
5.266069E-02
5.271991E-02
5.277923E-02
5.283867E-02
5.289822E-02
5.295789E-02
5.301767E-02
5.307756E-02
5.313757E-02
5.319769E-02
5.325793E-02
5.331828E-02
5.337876E-02
5.343935E-02
5.350005E-02
5.356088E-02
5.362182E-02
5.368289E-02
5.374407E-02
5.380538E-02
5.386681E-02
5.392836E-02
5.399003E-02
5.405183E-02
5.411375E-02
5.417579E-02
5.423796E-02
5.430026E-02
5.436268E-02
5.442523E-02
5.448790E-02
5.455071E-02
5.461364E-02
5.467671E-02
5.473990E-02
5.480323E-02
5.486668E-02
5.493027E-02
5.499399E-02
5.505785E-02
5.512184E-02
5.518596E-02
5.525022E-02
5.531462E-02
5.537915E-02
5.544383E-02
5.550864E-02
5.557359E-02
5.563868E-02
5.570391E-02
5.576928E-02
5.583480E-02
5.590046E-02
5.596626E-02
5.603221E-02
5.609831E-02
5.616455E-02
5.623093E-02
5.629747E-02
5.636415E-02
5.643099E-02
5.649797E-02
5.656511E-02
5.663239E-02
5.669984E-02
5.676743E-02
5.683518E-02
5.690309E-02
5.697115E-02
5.703937E-02
5.710775E-02
5.717628E-02
5.724498E-02
5.731384E-02
5.738286E-02
5.745205E-02
5.752140E-02
5.759091E-02
5.766059E-02
5.773044E-02
5.780045E-02
5.787064E-02
5.794099E-02
5.801152E-02
5.808221E-02
5.815308E-02
5.822413E-02
5.829535E-02
5.836675E-02
5.843832E-02
5.851007E-02
5.858201E-02
5.865412E-02
5.872641E-02
5.879889E-02
5.887156E-02
5.894440E-02
5.901744E-02
5.909066E-02
5.916407E-02
5.923768E-02
5.931147E-02
5.938546E-02
5.945964E-02
5.953401E-02
5.960859E-02
5.968336E-02
5.975833E-02
5.983350E-02
5.990887E-02
5.998445E-02
6.006023E-02
6.013621E-02
6.021241E-02
6.028881E-02
6.036542E-02
6.044225E-02
6.051928E-02
6.059654E-02
6.067400E-02
6.075169E-02
6.082959E-02
6.090772E-02
6.098607E-02
6.106464E-02
6.114344E-02
6.122246E-02
6.130171E-02
6.138120E-02
6.146091E-02
6.154086E-02
6.162104E-02
6.170146E-02
6.178212E-02
6.186302E-02
6.194417E-02
6.202555E-02
6.210718E-02
6.218906E-02
6.227119E-02
6.235358E-02
6.243621E-02
6.251910E-02
6.260225E-02
6.268566E-02
6.276932E-02
6.285326E-02
6.293745E-02
6.302192E-02
6.310665E-02
6.319166E-02
6.327694E-02
6.336249E-02
6.344833E-02
6.353444E-02
6.362084E-02
6.370752E-02
6.379449E-02
6.388175E-02
6.396930E-02
6.405714E-02
6.414529E-02
6.423373E-02
6.432247E-02
6.441152E-02
6.450087E-02
6.459054E-02
6.468051E-02
6.477080E-02
6.486141E-02
6.495234E-02
6.504359E-02
6.513517E-02
6.522707E-02
6.531931E-02
6.541188E-02
6.550479E-02
6.559804E-02
6.569163E-02
6.578557E-02
6.587985E-02
6.597449E-02
6.606949E-02
6.616485E-02
6.626056E-02
6.635665E-02
6.645310E-02
6.654992E-02
6.664713E-02
6.674471E-02
6.684267E-02
6.694102E-02
6.703976E-02
6.713889E-02
6.723843E-02
6.733836E-02
6.743870E-02
6.753945E-02
6.764062E-02
6.774220E-02
6.784420E-02
6.794663E-02
6.804949E-02
6.815278E-02
6.825651E-02
6.836069E-02
6.846531E-02
6.857039E-02
6.867592E-02
6.878192E-02
6.888838E-02
6.899532E-02
6.910273E-02
6.921062E-02
6.931900E-02
6.942787E-02
6.953724E-02
6.964711E-02
6.975749E-02
6.986838E-02
6.997979E-02
7.009173E-02
7.020419E-02
7.031720E-02
7.043074E-02
7.054484E-02
7.065949E-02
7.077470E-02
7.089048E-02
7.100684E-02
7.112377E-02
7.124129E-02
7.135941E-02
7.147813E-02
7.159746E-02
7.171740E-02
7.183797E-02
7.195917E-02
7.208100E-02
7.220349E-02
7.232663E-02
7.245043E-02
7.257490E-02
7.270005E-02
7.282589E-02
7.295242E-02
7.307966E-02
7.320762E-02
7.333629E-02
7.346570E-02
7.359586E-02
7.372676E-02
7.385843E-02
7.399087E-02
7.412409E-02
7.425811E-02
7.439293E-02
7.452856E-02
7.466502E-02
7.480232E-02
7.494047E-02
7.507948E-02
7.521936E-02
7.536013E-02
7.550180E-02
7.564437E-02
7.578788E-02
7.593232E-02
7.607771E-02
7.622407E-02
7.637141E-02
7.651975E-02
7.666909E-02
7.681946E-02
7.697087E-02
7.712334E-02
7.727689E-02
7.743152E-02
7.758727E-02
7.774414E-02
7.790215E-02
7.806133E-02
7.822168E-02
7.838324E-02
7.854602E-02
7.871004E-02
7.887532E-02
7.904189E-02
7.920976E-02
7.937896E-02
7.954951E-02
7.972143E-02
7.989475E-02
8.006950E-02
8.024570E-02
8.042337E-02
8.060255E-02
8.078325E-02
8.096551E-02
8.114937E-02
8.133484E-02
8.152196E-02
8.171076E-02
8.190127E-02
8.209353E-02
8.228757E-02
8.248343E-02
8.268115E-02
8.288075E-02
8.308229E-02
8.328579E-02
8.349131E-02
8.369888E-02
8.390856E-02
8.412037E-02
8.433438E-02
8.455062E-02
8.476916E-02
8.499003E-02
8.521330E-02
8.543902E-02
8.566724E-02
8.589802E-02
8.613143E-02
8.636753E-02
8.660639E-02
8.684806E-02
8.709263E-02
8.734016E-02
8.759072E-02
8.784441E-02
8.810130E-02
8.836146E-02
8.862500E-02
8.889200E-02
8.916256E-02
8.943677E-02
8.971475E-02
8.999658E-02
9.028239E-02
9.057230E-02
9.086641E-02
9.116487E-02
9.146780E-02
9.177534E-02
9.208764E-02
9.240484E-02
9.272711E-02
9.305461E-02
9.338751E-02
9.372600E-02
9.407027E-02
9.442052E-02
9.477697E-02
9.513983E-02
9.550934E-02
9.588575E-02
9.626932E-02
9.666032E-02
9.705906E-02
9.746583E-02
9.788098E-02
9.830483E-02
9.873777E-02
9.918019E-02
9.963250E-02
1.000951E-01
1.005686E-01
1.010534E-01
1.015500E-01
1.020591E-01
1.025813E-01
1.031172E-01
1.036676E-01
1.042332E-01
1.048150E-01
1.054137E-01
1.060304E-01
1.066662E-01
1.073222E-01
1.079998E-01
1.087003E-01
1.094252E-01
